# Created by Octave 4.2.2, Thu Mar 22 15:54:47 2018 GMT <unknown@unknown>
# name: v
# type: matrix
# rows: 1
# columns: 10
 2104 1600 2400 1416 3000 1985 1534 1427 1380 1494


